Timestamp : 000025.054
Library   : v2.7.11

Protocol  : DAIKIN
Code      : 0x11DA2700C50000D711DA27004204055D11DA270000383600A0000006600000C18000C7 (280 Bits)
Mesg Desc.: Power: Off, Mode: 3 (Cool), Temp: 27C, Fan: 10 (Auto), Powerful: Off, Quiet: Off, Sensor: Off, Mould: Off, Comfort: Off, Swing(H): Off, Swing(V): Off, Clock: 21:24, Day: 0 (UNKNOWN), On Timer: Off, Off Timer: Off, Weekly Timer: Off
uint16_t rawData[583] = {390, 476,  388, 474,  388, 474,  388, 474,  388, 474,  388, 25476,  3414, 1772,  388, 1340,  388, 474,  388, 476,  388, 476,  388, 1340,  388, 476,  388, 476,  386, 476,  388, 476,  386, 1340,  388, 476,  388, 1340,  388, 1338,  388, 476,  386, 1340,  386, 1340,  388, 1340,  388, 1340,  386, 1340,  386, 476,  388, 474,  388, 1340,  386, 478,  386, 476,  386, 476,  386, 476,  386, 476,  386, 476,  388, 476,  386, 476,  388, 476,  386, 474,  388, 1342,  386, 476,  388, 1340,  388, 476,  388, 476,  386, 476,  388, 1340,  386, 1340,  386, 476,  386, 476,  386, 476,  388, 476,  388, 476,  386, 476,  388, 476,  388, 476,  386, 476,  388, 476,  386, 474,  388, 476,  388, 476,  386, 476,  386, 476,  386, 476,  390, 1336,  386, 1342,  386, 1340,  386, 476,  388, 1340,  386, 476,  388, 1342,  386, 1342,  386, 34926,  3412, 1774,  386, 1342,  384, 478,  386, 476,  386, 478,  386, 1342,  386, 478,  386, 476,  386, 478,  386, 476,  386, 1340,  386, 476,  386, 1340,  386, 1340,  386, 478,  386, 1340,  386, 1340,  386, 1342,  386, 1340,  386, 1340,  386, 478,  386, 476,  386, 1340,  386, 476,  386, 476,  386, 478,  386, 476,  386, 478,  386, 476,  386, 478,  386, 476,  386, 476,  386, 476,  388, 476,  386, 1340,  386, 478,  386, 476,  386, 476,  388, 476,  386, 1340,  386, 480,  384, 478,  386, 476,  386, 1342,  386, 476,  386, 478,  386, 478,  386, 476,  386, 476,  386, 1340,  386, 476,  386, 1340,  386, 476,  386, 478,  386, 476,  388, 476,  386, 476,  386, 1340,  386, 478,  386, 1340,  386, 1342,  386, 1340,  386, 476,  386, 1340,  386, 478,  386, 34928,  3412, 1774,  386, 1342,  386, 478,  386, 478,  386, 478,  386, 1342,  386, 478,  386, 478,  386, 478,  386, 478,  386, 1342,  386, 478,  386, 1340,  386, 1342,  386, 478,  384, 1342,  384, 1342,  384, 1342,  384, 1342,  386, 1342,  386, 478,  386, 478,  384, 1342,  386, 478,  386, 478,  386, 478,  386, 478,  384, 478,  384, 478,  384, 478,  384, 480,  384, 478,  386, 478,  386, 478,  384, 478,  384, 478,  386, 476,  386, 478,  386, 478,  386, 478,  384, 478,  386, 478,  384, 478,  384, 478,  386, 1342,  386, 1342,  384, 1342,  386, 478,  386, 478,  384, 478,  386, 1342,  386, 1342,  386, 476,  386, 1340,  386, 1342,  384, 478,  386, 478,  386, 476,  386, 478,  386, 478,  386, 478,  386, 478,  384, 478,  386, 476,  386, 478,  386, 478,  384, 478,  384, 478,  386, 476,  388, 476,  386, 1342,  384, 480,  384, 1342,  384, 480,  384, 476,  386, 478,  386, 478,  386, 478,  384, 478,  386, 478,  386, 478,  386, 478,  384, 476,  386, 476,  386, 478,  386, 478,  386, 478,  384, 478,  386, 476,  386, 478,  384, 1342,  384, 1342,  386, 478,  386, 476,  386, 478,  386, 478,  386, 478,  384, 478,  386, 478,  386, 476,  386, 480,  382, 478,  386, 1342,  386, 1340,  386, 476,  386, 478,  386, 478,  386, 478,  384, 478,  386, 478,  386, 478,  384, 478,  386, 478,  384, 478,  384, 478,  384, 478,  386, 478,  384, 476,  386, 476,  386, 478,  386, 478,  386, 1342,  386, 478,  386, 478,  384, 476,  386, 478,  384, 478,  388, 1340,  384, 1340,  386, 478,  386, 478,  386, 476,  386, 480,  384, 478,  386, 478,  386, 478,  384, 1342,  384, 480,  384, 478,  386, 478,  386, 476,  386, 478,  384, 478,  384, 478,  386, 478,  386, 1342,  386, 1342,  384, 1340,  386, 478,  386, 478,  386, 478,  384, 1342,  384, 1342,  384};  // DAIKIN
uint8_t state[35] = {0x11, 0xDA, 0x27, 0x00, 0xC5, 0x00, 0x00, 0xD7, 0x11, 0xDA, 0x27, 0x00, 0x42, 0x04, 0x05, 0x5D, 0x11, 0xDA, 0x27, 0x00, 0x00, 0x38, 0x36, 0x00, 0xA0, 0x00, 0x00, 0x06, 0x60, 0x00, 0x00, 0xC1, 0x80, 0x00, 0xC7};


Timestamp : 000031.720
Library   : v2.7.11

Protocol  : DAIKIN
Code      : 0x11DA2700C50000D711DA27004205055E11DA270000393600A0000006600000C18000C8 (280 Bits)
Mesg Desc.: Power: On, Mode: 3 (Cool), Temp: 27C, Fan: 10 (Auto), Powerful: Off, Quiet: Off, Sensor: Off, Mould: Off, Comfort: Off, Swing(H): Off, Swing(V): Off, Clock: 21:25, Day: 0 (UNKNOWN), On Timer: Off, Off Timer: Off, Weekly Timer: Off
uint16_t rawData[583] = {388, 476,  388, 474,  388, 474,  388, 476,  388, 476,  388, 25476,  3412, 1772,  388, 1340,  386, 476,  388, 476,  388, 476,  442, 1284,  388, 476,  388, 476,  388, 476,  388, 474,  388, 1340,  388, 474,  388, 1340,  388, 1340,  388, 476,  388, 1338,  388, 1338,  388, 1340,  388, 1338,  388, 1340,  388, 474,  388, 476,  388, 1338,  388, 476,  388, 474,  388, 474,  388, 474,  444, 420,  388, 476,  388, 474,  390, 474,  388, 476,  388, 474,  388, 1340,  388, 474,  388, 1340,  390, 472,  390, 474,  388, 476,  388, 1340,  388, 1338,  388, 476,  388, 474,  388, 476,  442, 420,  388, 474,  388, 476,  388, 474,  388, 474,  388, 474,  388, 476,  388, 476,  388, 476,  444, 420,  388, 476,  388, 476,  386, 474,  390, 1338,  388, 1340,  388, 1340,  388, 476,  444, 1284,  388, 474,  390, 1338,  388, 1340,  442, 34872,  3468, 1716,  442, 1286,  388, 474,  388, 476,  442, 420,  390, 1338,  388, 474,  442, 420,  388, 476,  388, 476,  388, 1340,  388, 474,  388, 1340,  388, 1340,  388, 476,  442, 1286,  388, 1340,  386, 1340,  388, 1340,  388, 1338,  388, 478,  384, 476,  388, 1338,  388, 474,  388, 474,  388, 476,  388, 476,  442, 420,  388, 474,  388, 474,  388, 474,  442, 422,  388, 476,  388, 474,  388, 1340,  388, 474,  388, 474,  388, 474,  444, 420,  388, 1340,  388, 474,  388, 1340,  388, 474,  444, 1284,  388, 474,  444, 420,  390, 474,  388, 474,  388, 474,  444, 1284,  388, 474,  388, 1338,  444, 420,  442, 420,  444, 420,  444, 418,  388, 474,  388, 474,  388, 1338,  388, 1338,  388, 1338,  444, 1284,  388, 474,  442, 1284,  444, 420,  388, 34924,  3414, 1770,  444, 1284,  444, 420,  388, 474,  390, 472,  444, 1284,  390, 476,  388, 474,  396, 468,  388, 474,  390, 1338,  388, 474,  388, 1340,  388, 1338,  390, 472,  444, 1282,  444, 1284,  388, 1338,  388, 1338,  390, 1338,  444, 418,  388, 474,  388, 1338,  388, 474,  444, 420,  388, 474,  388, 474,  444, 418,  390, 474,  444, 420,  444, 418,  444, 420,  444, 420,  444, 420,  444, 420,  388, 474,  390, 474,  388, 474,  388, 474,  388, 474,  388, 474,  444, 1284,  388, 474,  388, 474,  444, 1284,  388, 1338,  390, 1338,  388, 474,  444, 420,  388, 476,  388, 1338,  388, 1338,  444, 420,  388, 1338,  444, 1284,  388, 474,  388, 474,  388, 474,  388, 474,  444, 418,  444, 420,  388, 474,  444, 418,  442, 420,  444, 420,  444, 420,  444, 420,  388, 474,  390, 474,  444, 418,  390, 1338,  444, 418,  388, 1338,  388, 474,  388, 476,  442, 420,  388, 474,  390, 474,  390, 474,  388, 474,  390, 474,  388, 474,  390, 474,  388, 474,  444, 420,  390, 474,  444, 420,  442, 420,  388, 474,  444, 420,  388, 1338,  388, 1338,  444, 418,  390, 474,  388, 474,  390, 474,  390, 474,  388, 474,  390, 474,  444, 418,  388, 476,  442, 420,  444, 1284,  388, 1338,  390, 474,  444, 420,  388, 474,  390, 476,  386, 476,  386, 474,  444, 420,  442, 422,  388, 474,  390, 474,  390, 474,  388, 474,  390, 474,  390, 474,  388, 476,  388, 476,  442, 420,  444, 1282,  388, 474,  444, 420,  390, 474,  388, 474,  390, 474,  390, 1338,  444, 1284,  388, 476,  388, 474,  390, 474,  388, 474,  388, 474,  390, 474,  444, 420,  444, 1282,  444, 420,  388, 474,  388, 474,  390, 474,  388, 476,  388, 474,  388, 476,  388, 474,  444, 420,  390, 474,  388, 474,  388, 1338,  390, 474,  444, 418,  390, 1338,  390, 1338,  410};  // DAIKIN
uint8_t state[35] = {0x11, 0xDA, 0x27, 0x00, 0xC5, 0x00, 0x00, 0xD7, 0x11, 0xDA, 0x27, 0x00, 0x42, 0x05, 0x05, 0x5E, 0x11, 0xDA, 0x27, 0x00, 0x00, 0x39, 0x36, 0x00, 0xA0, 0x00, 0x00, 0x06, 0x60, 0x00, 0x00, 0xC1, 0x80, 0x00, 0xC8};


Timestamp : 000038.442
Library   : v2.7.11

Protocol  : UNKNOWN
Code      : 0x80DD2864 (292 Bits)
uint16_t rawData[583] = {358, 536,  326, 536,  328, 534,  328, 534,  328, 536,  328, 25512,  3378, 1828,  330, 1398,  328, 534,  328, 536,  328, 536,  328, 1400,  326, 536,  328, 536,  326, 536,  328, 536,  328, 1400,  328, 536,  328, 1398,  328, 1400,  330, 534,  328, 1400,  328, 1398,  328, 1400,  352, 1374,  328, 1398,  328, 536,  326, 536,  328, 1400,  354, 508,  330, 534,  328, 534,  328, 536,  328, 534,  328, 538,  326, 536,  328, 536,  328, 536,  326, 562,  300, 1398,  330, 534,  328, 1400,  328, 536,  328, 536,  326, 536,  328, 1400,  328, 1398,  328, 536,  328, 536,  326, 536,  326, 536,  328, 534,  328, 534,  330, 560,  302, 536,  328, 534,  328, 534,  328, 536,  328, 536,  324, 538,  328, 534,  328, 534,  328, 562,  302, 1398,  328, 1398,  328, 1398,  328, 534,  328, 1426,  300, 538,  328, 1400,  326, 1400,  328, 34958,  3380, 1830,  356, 1372,  328, 534,  328, 534,  330, 534,  328, 1398,  328, 534,  330, 534,  328, 534,  328, 534,  330, 1398,  328, 534,  330, 1396,  328, 1400,  328, 534,  330, 1396,  328, 1400,  326, 1400,  328, 1400,  328, 1398,  328, 536,  328, 532,  330, 1398,  328, 534,  328, 534,  354, 512,  326, 536,  326, 536,  328, 534,  328, 534,  328, 534,  328, 534,  328, 534,  328, 536,  328, 1402,  326, 536,  328, 534,  328, 534,  328, 534,  328, 1400,  328, 536,  326, 1398,  330, 534,  330, 1376,  350, 536,  326, 536,  328, 534,  328, 534,  354, 510,  328, 1400,  328, 534,  330, 1398,  328, 536,  328, 536,  326, 536,  330, 534,  330, 534,  328, 534,  330, 1398,  330, 1398,  328, 1398,  328, 1400,  328, 534,  328, 1400,  328, 536,  328, 34960,  3378, 1830,  356, 1372,  330, 508,  352, 536,  328, 536,  326, 1400,  330, 534,  328, 534,  328, 536,  328, 534,  328, 1398,  328, 534,  328, 1398,  330, 1398,  330, 534,  328, 1398,  330, 1398,  330, 1398,  330, 1398,  328, 1400,  328, 532,  330, 534,  328, 1400,  356, 508,  328, 536,  328, 534,  354, 510,  328, 510,  352, 536,  328, 534,  328, 534,  328, 536,  328, 534,  330, 532,  330, 534,  328, 536,  328, 536,  328, 534,  328, 534,  328, 534,  328, 534,  328, 534,  330, 534,  328, 534,  330, 1398,  328, 1400,  328, 1398,  328, 534,  328, 534,  330, 534,  330, 1398,  328, 1400,  328, 532,  330, 1398,  328, 1398,  330, 534,  328, 536,  328, 534,  328, 536,  328, 534,  328, 534,  328, 534,  328, 536,  328, 534,  328, 536,  330, 534,  328, 536,  328, 534,  328, 534,  328, 534,  328, 1398,  328, 536,  328, 1398,  330, 532,  330, 534,  328, 536,  328, 534,  330, 534,  328, 534,  330, 532,  330, 534,  328, 536,  330, 534,  328, 534,  328, 534,  330, 534,  328, 510,  354, 532,  330, 534,  328, 534,  330, 1398,  330, 1398,  330, 534,  328, 534,  328, 536,  328, 512,  352, 536,  328, 534,  328, 536,  328, 536,  328, 534,  328, 534,  328, 1400,  328, 1372,  354, 534,  330, 534,  328, 534,  328, 536,  328, 534,  328, 534,  328, 536,  328, 536,  328, 534,  328, 534,  330, 534,  328, 536,  354, 508,  328, 534,  328, 536,  328, 534,  328, 536,  328, 1398,  328, 536,  328, 534,  328, 536,  328, 534,  326, 538,  328, 1398,  328, 1400,  328, 534,  330, 534,  328, 534,  328, 534,  328, 534,  328, 534,  328, 536,  328, 1376,  352, 534,  330, 534,  328, 534,  330, 534,  328, 534,  330, 510,  352, 536,  328, 536,  328, 1398,  328, 1398,  330, 1398,  330, 534,  330, 534,  330, 534,  328, 1400,  328, 1398,  330};  // UNKNOWN 80DD2864



