
/Media -Sever IoT
2020.11.17

Timestamp : 000596.376
Library   : v2.7.12

Protocol  : COOLIX
Code      : 0xB27BE0 (24 Bits)
Mesg Desc.: Power: Off
uint16_t rawData[199] = {4378, 4402,  462, 1658,  510, 558,  512, 1658,  486, 1630,  512, 558,  512, 560,  510, 1632,  512, 584,  486, 534,  536, 1632,  510, 584,  486, 584,  462, 1682,  486, 1632,  486, 554,  542, 1632,  512, 532,  538, 1632,  510, 1632,  486, 1682,  462, 1682,  460, 586,  510, 1632,  486, 1658,  510, 1634,  510, 558,  512, 586,  462, 584,  486, 584,  486, 1656,  488, 584,  488, 584,  486, 1658,  510, 1632,  486, 1662,  482, 584,  488, 610,  462, 610,  484, 586,  462, 584,  486, 584,  510, 558,  488, 610,  462, 1656,  488, 1682,  462, 1656,  486, 1658,  486, 1656,  510, 5186,  4384, 4400,  512, 1658,  460, 584,  486, 1656,  512, 1658,  460, 584,  488, 584,  510, 1656,  462, 584,  486, 584,  488, 1682,  462, 582,  512, 532,  538, 1658,  460, 1658,  510, 560,  512, 1630,  488, 560,  536, 1630,  514, 1632,  512, 1632,  512, 1656,  462, 610,  462, 1682,  486, 1630,  514, 1630,  488, 584,  512, 556,  514, 530,  540, 584,  486, 1632,  514, 558,  512, 558,  512, 1656,  488, 1628,  512, 1656,  486, 560,  512, 582,  488, 556,  514, 558,  514, 532,  540, 556,  514, 560,  536, 532,  540, 1578,  538, 1630,  514, 1630,  512, 1628,  540, 1604,  514};  // COOLIX B27BE0
uint64_t data = 0xB27BE0;


Timestamp : 000597.502
Library   : v2.7.12

Protocol  : COOLIX
Code      : 0xB25FC0 (24 Bits)
Mesg Desc.: Power: On, Mode: 0 (Cool), Fan: 2 (Med), Temp: 25C, Zone Follow: Off, Sensor Temp: Off
uint16_t rawData[199] = {4330, 4400,  512, 1632,  512, 528,  542, 1630,  514, 1656,  486, 556,  514, 558,  514, 1656,  488, 584,  488, 558,  512, 1630,  512, 558,  512, 584,  488, 1656,  486, 1656,  488, 584,  486, 1654,  488, 556,  514, 1630,  514, 560,  512, 1630,  514, 1630,  512, 1630,  512, 1630,  514, 1630,  514, 1628,  540, 532,  514, 1628,  512, 558,  516, 582,  488, 556,  540, 556,  512, 558,  514, 1604,  512, 1630,  514, 556,  514, 556,  540, 530,  514, 584,  488, 582,  514, 530,  540, 532,  540, 530,  540, 1604,  538, 1630,  488, 1628,  542, 1602,  542, 1604,  540, 1630,  514, 5184,  4384, 4374,  538, 1606,  538, 558,  488, 1654,  514, 1630,  514, 530,  540, 532,  538, 1606,  538, 530,  540, 530,  540, 1630,  514, 556,  514, 532,  540, 1628,  514, 1628,  514, 506,  566, 1602,  540, 530,  542, 1602,  540, 532,  540, 1602,  540, 1628,  514, 1604,  538, 1630,  514, 1602,  542, 1604,  538, 530,  540, 1604,  538, 532,  540, 556,  514, 556,  514, 532,  540, 530,  542, 1604,  540, 1604,  540, 530,  542, 528,  542, 530,  540, 532,  540, 530,  540, 530,  540, 530,  540, 530,  542, 1602,  540, 1602,  540, 1602,  540, 1602,  540, 1602,  540, 1576,  568};  // COOLIX B25FC0
uint64_t data = 0xB25FC0;
