15:53:57.898 -> Timestamp : 000010.245
15:53:57.898 -> Library   : v2.7.11
15:53:57.898 -> 
15:53:57.898 -> Protocol  : PANASONIC_AC
15:53:57.898 -> Code      : 0x0220E004000000060220E00400303680A000000660000080000678 (216 Bits)
15:53:57.898 -> Mesg Desc.: Model: 4 (JKE), Power: Off, Mode: 3 (Cool), Temp: 27C, Fan: 7 (Auto), Swing(V): 0 (UNKNOWN), Quiet: Off, Powerful: Off, Clock: 00:00, On Timer: Off, Off Timer: Off
15:53:57.971 -> uint16_t rawData[439] = {3500, 1754,  414, 452,  412, 1310,  414, 452,  412, 452,  414, 426,  438, 452,  414, 424,  438, 458,  414, 424,  440, 452,  412, 428,  438, 426,  438, 426,  414, 1310,  336, 530,  412, 458,  440, 426,  438, 450,  312, 528,  416, 476,  388, 452,  412, 1310,  416, 1310,  338, 1390,  338, 528,  336, 528,  336, 1386,  338, 528,  438, 452,  412, 452,  312, 528,  440, 432,  412, 452,  414, 450,  338, 554,  312, 530,  336, 552,  312, 528,  336, 528,  336, 558,  312, 528,  414, 452,  338, 528,  338, 528,  336, 552,  312, 528,  338, 526,  338, 534,  336, 528,  338, 528,  338, 528,  338, 528,  338, 528,  338, 552,  312, 528,  336, 534,  336, 528,  414, 1310,  338, 1384,  416, 452,  336, 554,  312, 528,  412, 452,  438, 454,  312, 10080,  3448, 1752,  442, 450,  414, 1284,  438, 426,  438, 426,  440, 452,  414, 426,  440, 426,  440, 432,  436, 428,  438, 426,  338, 526,  338, 526,  364, 500,  340, 1384,  364, 500,  340, 528,  366, 498,  366, 500,  442, 420,  420, 420,  470, 420,  444, 1254,  442, 1280,  444, 1312,  340, 500,  390, 472,  366, 1358,  392, 472,  420, 446,  394, 472,  392, 472,  392, 478,  394, 472,  444, 422,  442, 420,  446, 418,  446, 422,  444, 420,  446, 420,  444, 426,  444, 446,  418, 420,  418, 472,  394, 446,  420, 1304,  420, 1302,  418, 446,  420, 452,  418, 448,  390, 1332,  390, 1332,  416, 474,  366, 1334,  416, 1306,  392, 474,  390, 478,  368, 498,  368, 498,  366, 498,  366, 498,  368, 500,  366, 498,  368, 496,  368, 1376,  368, 470,  394, 498,  368, 498,  368, 498,  392, 444,  420, 1330,  392, 448,  418, 1334,  420, 448,  392, 470,  396, 472,  392, 472,  396, 468,  394, 472,  392, 472,  394, 476,  422, 442,  422, 444,  420, 444,  422, 444,  420, 444,  420, 444,  420, 446,  420, 422,  448, 446,  420, 1248,  476, 1306,  418, 444,  420, 444,  420, 446,  420, 444,  420, 450,  420, 444,  420, 444,  422, 444,  420, 442,  422, 442,  422, 1302,  422, 1302,  422, 424,  446, 418,  446, 444,  420, 444,  420, 444,  422, 444,  422, 442,  422, 442,  422, 448,  422, 418,  448, 442,  420, 416,  448, 442,  422, 444,  420, 420,  446, 416,  448, 450,  420, 446,  418, 444,  422, 442,  422, 444,  422, 444,  422, 442,  422, 444,  420, 1280,  448, 446,  418, 420,  446, 418,  446, 446,  418, 444,  420, 446,  418, 448,  418, 452,  392, 446,  420, 1332,  392, 1332,  392, 448,  390, 472,  418, 472,  366, 498,  392, 478,  366, 472,  392, 498,  366, 498,  366, 1332,  392, 1332,  392, 1332,  392, 1332,  392, 474,  392};  // PANASONIC_AC
15:53:58.163 -> uint8_t state[27] = {0x02, 0x20, 0xE0, 0x04, 0x00, 0x00, 0x00, 0x06, 0x02, 0x20, 0xE0, 0x04, 0x00, 0x30, 0x36, 0x80, 0xA0, 0x00, 0x00, 0x06, 0x60, 0x00, 0x00, 0x80, 0x00, 0x06, 0x78};
15:53:58.163 -> 
15:53:58.163 -> 
15:55:11.106 -> Timestamp : 000083.454
15:55:11.106 -> Library   : v2.7.11
15:55:11.106 -> 
15:55:11.106 -> Protocol  : NEC
15:55:11.106 -> Code      : 0x20DF10EF (32 Bits)
15:55:11.106 -> uint16_t rawData[71] = {9008, 4542,  572, 536,  596, 536,  596, 1644,  596, 540,  594, 538,  596, 536,  598, 562,  570, 538,  594, 1670,  570, 1644,  598, 536,  598, 1644,  598, 1644,  596, 1644,  596, 1646,  596, 1642,  598, 536,  598, 538,  596, 534,  598, 1670,  572, 534,  598, 536,  594, 538,  596, 510,  622, 1646,  596, 1648,  592, 1648,  596, 538,  596, 1670,  570, 1644,  596, 1642,  598, 1668,  570, 40104,  9014, 2220,  598};  // NEC 20DF10EF
15:55:11.140 -> uint32_t address = 0x4;
15:55:11.140 -> uint32_t command = 0x8;
15:55:11.140 -> uint64_t data = 0x20DF10EF;
15:55:11.140 -> 
15:55:11.140 -> 
15:56:31.211 -> Timestamp : 000163.575
15:56:31.211 -> Library   : v2.7.11
15:56:31.211 -> 
15:56:31.211 -> Protocol  : PANASONIC_AC
15:56:31.211 -> Code      : 0x0220E004000000060220E00400313680A000000660000080000679 (216 Bits)
15:56:31.244 -> Mesg Desc.: Model: 4 (JKE), Power: On, Mode: 3 (Cool), Temp: 27C, Fan: 7 (Auto), Swing(V): 0 (UNKNOWN), Quiet: Off, Powerful: Off, Clock: 00:00, On Timer: Off, Off Timer: Off
15:56:31.277 -> uint16_t rawData[439] = {3518, 1736,  368, 474,  390, 1332,  466, 400,  466, 400,  466, 400,  466, 396,  392, 474,  466, 404,  466, 400,  392, 472,  468, 422,  440, 400,  466, 398,  466, 1260,  468, 396,  466, 404,  392, 474,  464, 400,  466, 400,  456, 408,  468, 400,  464, 1258,  458, 1266,  466, 1260,  392, 474,  390, 474,  466, 1256,  468, 398,  468, 398,  390, 474,  466, 398,  466, 404,  464, 400,  466, 398,  390, 472,  392, 498,  442, 398,  466, 396,  468, 400,  468, 402,  466, 424,  366, 474,  390, 472,  466, 398,  392, 474,  392, 476,  388, 474,  392, 478,  392, 472,  392, 472,  392, 474,  390, 474,  390, 498,  366, 474,  392, 472,  392, 478,  466, 400,  392, 1332,  468, 1254,  468, 398,  468, 400,  390, 476,  390, 474,  390, 476,  392, 10000,  3426, 1802,  392, 474,  390, 1332,  466, 398,  392, 474,  466, 400,  464, 398,  468, 398,  392, 480,  390, 474,  466, 398,  468, 398,  466, 400,  390, 474,  390, 1332,  466, 398,  392, 480,  390, 472,  392, 474,  466, 398,  390, 472,  392, 474,  390, 1330,  470, 1256,  466, 1260,  392, 472,  468, 398,  390, 1332,  466, 400,  466, 400,  390, 474,  468, 396,  466, 404,  470, 396,  468, 398,  468, 398,  390, 474,  466, 398,  468, 398,  468, 398,  464, 404,  468, 1256,  466, 400,  466, 398,  466, 398,  466, 1258,  466, 1254,  468, 400,  390, 478,  468, 400,  464, 1228,  496, 1256,  468, 398,  466, 1256,  392, 1330,  392, 474,  466, 402,  366, 500,  466, 400,  464, 398,  468, 398,  390, 472,  392, 472,  392, 474,  392, 1350,  392, 472,  392, 474,  466, 398,  392, 474,  392, 474,  390, 1330,  392, 474,  392, 1336,  468, 398,  466, 400,  464, 398,  466, 400,  390, 474,  466, 400,  390, 472,  392, 478,  392, 474,  390, 474,  392, 472,  368, 498,  392, 472,  366, 498,  394, 474,  392, 478,  392, 474,  392, 1332,  392, 1330,  368, 498,  392, 472,  392, 474,  392, 472,  392, 478,  392, 472,  392, 472,  392, 474,  392, 472,  392, 472,  392, 1330,  392, 1332,  392, 478,  392, 472,  392, 474,  390, 474,  392, 474,  390, 474,  390, 474,  392, 472,  392, 478,  392, 472,  392, 474,  466, 400,  392, 474,  390, 472,  392, 474,  392, 474,  392, 478,  392, 474,  364, 500,  390, 474,  392, 474,  390, 474,  466, 398,  392, 474,  392, 1336,  392, 472,  392, 472,  392, 474,  390, 474,  392, 474,  392, 474,  392, 472,  392, 478,  366, 498,  392, 1332,  392, 1332,  392, 474,  392, 472,  392, 474,  366, 500,  390, 478,  392, 1332,  392, 472,  392, 474,  392, 1330,  392, 1332,  392, 1332,  390, 1332,  392, 500,  366};  // PANASONIC_AC
15:56:31.476 -> uint8_t state[27] = {0x02, 0x20, 0xE0, 0x04, 0x00, 0x00, 0x00, 0x06, 0x02, 0x20, 0xE0, 0x04, 0x00, 0x31, 0x36, 0x80, 0xA0, 0x00, 0x00, 0x06, 0x60, 0x00, 0x00, 0x80, 0x00, 0x06, 0x79};
15:56:31.509 -> 
15:56:31.509 -> 
16:00:48.998 -> Timestamp : 000378.239
16:00:48.998 -> Library   : v2.7.11
16:00:48.998 -> 
16:00:48.998 -> Protocol  : UNKNOWN
16:00:48.998 -> Code      : 0xAC7300A0 (9 Bits)
16:00:48.998 -> uint16_t rawData[17] = {6, 2,  2, 2,  11778, 2,  2, 2,  2, 7454,  6, 16,  2, 2,  10, 2,  13228};  // UNKNOWN AC7300A0
16:00:48.998 -> 
16:00:48.998 -> 
16:01:51.338 -> Timestamp : 000483.696
16:01:51.338 -> Library   : v2.7.11
16:01:51.338 -> 
16:01:51.338 -> Protocol  : PANASONIC_AC
16:01:51.338 -> Code      : 0x0220E004000000060220E00400313880A00000066000008000067B (216 Bits)
16:01:51.492 -> Mesg Desc.: Model: 4 (JKE), Power: On, Mode: 3 (Cool), Temp: 28C, Fan: 7 (Auto), Swing(V): 0 (UNKNOWN), Quiet: Off, Powerful: Off, Clock: 00:00, On Timer: Off, Off Timer: Off
16:01:51.492 -> uint16_t rawData[439] = {3482, 1722,  420, 472,  394, 1304,  446, 444,  420, 446,  394, 444,  446, 446,  418, 420,  444, 426,  420, 444,  446, 444,  420, 422,  442, 420,  446, 418,  446, 1278,  420, 444,  446, 424,  446, 446,  420, 420,  444, 420,  446, 418,  446, 420,  446, 1276,  446, 1278,  446, 1284,  444, 418,  446, 420,  446, 1192,  530, 420,  446, 418,  446, 418,  446, 420,  444, 426,  444, 420,  446, 416,  448, 418,  446, 420,  444, 422,  444, 420,  446, 418,  446, 422,  448, 418,  446, 446,  418, 418,  448, 418,  448, 418,  446, 420,  444, 446,  418, 424,  446, 422,  442, 446,  420, 420,  446, 420,  444, 446,  420, 418,  446, 420,  444, 426,  446, 446,  418, 1278,  446, 1304,  418, 422,  444, 422,  444, 422,  442, 420,  444, 422,  444, 9944,  3508, 1722,  446, 444,  418, 1282,  442, 422,  444, 420,  444, 444,  420, 420,  444, 448,  418, 424,  446, 420,  444, 422,  444, 420,  444, 420,  444, 420,  444, 1278,  446, 420,  444, 426,  444, 446,  418, 446,  418, 422,  444, 420,  444, 420,  444, 1282,  442, 1278,  446, 1284,  444, 446,  394, 446,  444, 1280,  444, 446,  418, 446,  420, 446,  420, 418,  446, 424,  444, 420,  444, 420,  444, 420,  420, 446,  446, 422,  442, 422,  444, 420,  444, 424,  446, 1278,  444, 420,  444, 446,  418, 420,  446, 1278,  444, 1280,  444, 420,  446, 424,  446, 420,  446, 420,  446, 418,  446, 1278,  446, 1276,  448, 1278,  446, 418,  446, 426,  446, 420,  444, 420,  446, 420,  444, 420,  446, 420,  444, 422,  444, 420,  444, 1298,  446, 420,  444, 422,  444, 420,  446, 418,  446, 446,  420, 1278,  446, 420,  446, 1282,  446, 418,  446, 420,  446, 420,  444, 418,  448, 416,  448, 418,  446, 420,  446, 422,  446, 418,  446, 418,  446, 418,  446, 420,  444, 420,  444, 420,  444, 420,  446, 422,  446, 420,  446, 1304,  420, 1278,  446, 420,  444, 420,  446, 420,  444, 420,  446, 424,  446, 420,  444, 420,  446, 418,  446, 422,  442, 420,  444, 1278,  446, 1276,  448, 424,  446, 418,  446, 418,  446, 418,  446, 420,  444, 420,  444, 422,  444, 418,  446, 424,  444, 422,  444, 420,  446, 420,  444, 422,  442, 420,  446, 420,  446, 420,  444, 424,  446, 420,  444, 420,  446, 418,  448, 420,  446, 444,  420, 420,  446, 418,  446, 1282,  446, 444,  420, 420,  446, 420,  444, 418,  446, 420,  446, 420,  444, 420,  446, 424,  444, 420,  446, 1280,  444, 1304,  422, 420,  444, 418,  446, 420,  444, 418,  446, 424,  446, 1280,  444, 1278,  446, 420,  446, 1278,  444, 1278,  446, 1278,  446, 1278,  444, 420,  448};  // PANASONIC_AC
16:01:51.602 -> uint8_t state[27] = {0x02, 0x20, 0xE0, 0x04, 0x00, 0x00, 0x00, 0x06, 0x02, 0x20, 0xE0, 0x04, 0x00, 0x31, 0x38, 0x80, 0xA0, 0x00, 0x00, 0x06, 0x60, 0x00, 0x00, 0x80, 0x00, 0x06, 0x7B};
16:01:51.643 -> 
16:01:51.643 -> 
16:02:01.378 -> Timestamp : 000493.745
16:02:01.412 -> Library   : v2.7.11
16:02:01.412 -> 
16:02:01.412 -> Protocol  : PANASONIC_AC
16:02:01.412 -> Code      : 0x0220E004000000060220E00400313680A000000660000080000679 (216 Bits)
16:02:01.412 -> Mesg Desc.: Model: 4 (JKE), Power: On, Mode: 3 (Cool), Temp: 27C, Fan: 7 (Auto), Swing(V): 0 (UNKNOWN), Quiet: Off, Powerful: Off, Clock: 00:00, On Timer: Off, Off Timer: Off
16:02:01.447 -> uint16_t rawData[439] = {3506, 1724,  418, 446,  420, 1306,  442, 422,  444, 420,  444, 420,  444, 396,  470, 418,  446, 426,  444, 420,  446, 418,  444, 420,  446, 422,  444, 418,  446, 1278,  420, 446,  446, 398,  472, 418,  446, 420,  444, 422,  416, 444,  420, 450,  442, 1306,  392, 1308,  442, 1282,  420, 446,  444, 446,  418, 1278,  446, 446,  420, 420,  442, 422,  444, 422,  444, 428,  442, 420,  446, 420,  444, 424,  442, 418,  446, 446,  418, 422,  418, 446,  420, 478,  416, 422,  442, 422,  442, 422,  444, 420,  446, 420,  444, 420,  446, 418,  446, 426,  444, 422,  442, 422,  418, 472,  418, 420,  420, 444,  444, 420,  444, 422,  418, 422,  446, 446,  418, 1332,  418, 1278,  446, 446,  418, 420,  446, 420,  444, 450,  416, 424,  444, 9918,  3534, 1698,  470, 420,  446, 1278,  446, 446,  418, 446,  418, 446,  418, 446,  420, 422,  444, 422,  446, 446,  420, 420,  442, 420,  446, 418,  446, 420,  446, 1278,  444, 444,  420, 426,  420, 446,  444, 422,  442, 446,  418, 422,  444, 446,  418, 1278,  446, 1278,  444, 1284,  446, 446,  418, 420,  420, 1304,  444, 422,  444, 418,  444, 422,  444, 446,  418, 426,  446, 420,  444, 418,  446, 422,  444, 446,  418, 420,  444, 420,  446, 420,  444, 424,  446, 1278,  446, 420,  444, 420,  444, 420,  444, 1278,  444, 1280,  446, 422,  442, 426,  444, 422,  444, 1304,  394, 1304,  444, 420,  446, 1278,  444, 1280,  446, 418,  446, 426,  444, 446,  420, 422,  442, 420,  444, 420,  444, 418,  446, 420,  446, 420,  446, 1298,  444, 420,  446, 444,  420, 420,  444, 420,  446, 420,  444, 1280,  444, 420,  446, 1256,  472, 418,  446, 446,  418, 420,  446, 418,  446, 420,  444, 422,  444, 420,  446, 426,  444, 420,  446, 444,  420, 420,  444, 446,  420, 446,  418, 420,  444, 420,  446, 422,  446, 418,  446, 1278,  444, 1278,  446, 418,  446, 420,  444, 420,  444, 420,  446, 424,  446, 420,  446, 444,  420, 420,  444, 420,  444, 418,  446, 1278,  444, 1278,  446, 424,  446, 420,  446, 418,  446, 418,  448, 418,  446, 420,  446, 418,  448, 418,  446, 426,  444, 420,  450, 416,  444, 420,  444, 418,  446, 420,  444, 420,  446, 418,  446, 424,  446, 420,  446, 420,  446, 418,  446, 420,  444, 420,  446, 418,  444, 420,  446, 1284,  446, 420,  444, 420,  446, 420,  444, 420,  446, 418,  446, 420,  444, 446,  420, 424,  446, 418,  446, 1280,  444, 1278,  446, 420,  446, 418,  448, 444,  420, 418,  446, 424,  446, 1278,  446, 418,  448, 420,  444, 1278,  446, 1278,  446, 1302,  420, 1278,  444, 422,  446};  // PANASONIC_AC
16:02:01.677 -> uint8_t state[27] = {0x02, 0x20, 0xE0, 0x04, 0x00, 0x00, 0x00, 0x06, 0x02, 0x20, 0xE0, 0x04, 0x00, 0x31, 0x36, 0x80, 0xA0, 0x00, 0x00, 0x06, 0x60, 0x00, 0x00, 0x80, 0x00, 0x06, 0x79};
16:02:01.677 -> 
16:02:01.677 -> 
16:02:07.245 -> Timestamp : 000499.605
16:02:07.245 -> Library   : v2.7.11
16:02:07.245 -> 
16:02:07.245 -> Protocol  : PANASONIC_AC
16:02:07.245 -> Code      : 0x0220E004000000060220E00400313480A000000660000080000677 (216 Bits)
16:02:07.278 -> Mesg Desc.: Model: 4 (JKE), Power: On, Mode: 3 (Cool), Temp: 26C, Fan: 7 (Auto), Swing(V): 0 (UNKNOWN), Quiet: Off, Powerful: Off, Clock: 00:00, On Timer: Off, Off Timer: Off
16:02:07.311 -> uint16_t rawData[439] = {3450, 1778,  418, 446,  418, 1306,  418, 448,  418, 472,  392, 446,  392, 472,  418, 422,  444, 424,  446, 446,  418, 446,  418, 424,  442, 446,  418, 448,  418, 1332,  392, 448,  418, 450,  420, 446,  416, 446,  418, 448,  442, 420,  444, 448,  418, 1280,  444, 1252,  446, 1310,  444, 420,  444, 420,  444, 1280,  444, 422,  444, 422,  442, 420,  446, 446,  418, 426,  442, 422,  444, 446,  420, 446,  420, 446,  420, 418,  446, 420,  444, 420,  444, 426,  444, 446,  420, 418,  420, 446,  444, 422,  444, 420,  446, 420,  446, 420,  444, 426,  444, 422,  444, 420,  444, 420,  446, 446,  418, 422,  442, 446,  420, 420,  446, 426,  444, 420,  446, 1278,  444, 1280,  444, 420,  446, 420,  446, 446,  418, 422,  444, 424,  444, 9944,  3506, 1722,  446, 418,  446, 1222,  504, 444,  418, 422,  444, 446,  418, 446,  420, 446,  418, 426,  444, 446,  420, 420,  444, 422,  444, 444,  420, 420,  444, 1304,  420, 418,  446, 426,  444, 420,  444, 420,  446, 422,  444, 420,  446, 446,  418, 1304,  418, 1304,  418, 1284,  444, 420,  444, 420,  446, 1278,  446, 418,  446, 422,  442, 420,  444, 422,  444, 424,  446, 420,  444, 422,  444, 418,  446, 420,  446, 420,  444, 420,  444, 422,  444, 426,  444, 1280,  444, 422,  444, 422,  442, 422,  444, 1278,  446, 1276,  444, 420,  446, 426,  444, 446,  418, 420,  444, 1304,  418, 422,  444, 1280,  444, 1278,  444, 422,  442, 424,  444, 422,  444, 446,  418, 420,  446, 420,  444, 420,  444, 420,  442, 420,  444, 1298,  444, 420,  418, 446,  418, 448,  416, 448,  418, 446,  418, 1308,  416, 448,  418, 1312,  390, 446,  418, 448,  442, 446,  392, 472,  418, 446,  392, 472,  418, 446,  418, 454,  390, 476,  388, 472,  368, 498,  366, 498,  368, 496,  368, 496,  368, 496,  368, 504,  390, 474,  392, 1332,  394, 1304,  444, 444,  394, 472,  394, 472,  390, 472,  392, 478,  368, 498,  366, 524,  340, 500,  366, 498,  366, 498,  392, 1332,  390, 1332,  444, 424,  394, 472,  418, 446,  368, 500,  366, 498,  392, 472,  420, 446,  418, 444,  420, 450,  392, 446,  392, 474,  392, 472,  394, 470,  394, 474,  390, 472,  392, 498,  368, 476,  394, 472,  418, 444,  420, 444,  420, 444,  420, 444,  420, 444,  422, 444,  420, 1306,  422, 444,  420, 444,  422, 444,  420, 468,  396, 444,  422, 444,  420, 442,  422, 448,  422, 442,  422, 1302,  422, 1302,  422, 444,  422, 442,  422, 442,  422, 442,  422, 450,  420, 1302,  422, 1328,  396, 1328,  396, 442,  424, 1300,  424, 1300,  422, 1300,  422, 446,  422};  // PANASONIC_AC
16:02:07.510 -> uint8_t state[27] = {0x02, 0x20, 0xE0, 0x04, 0x00, 0x00, 0x00, 0x06, 0x02, 0x20, 0xE0, 0x04, 0x00, 0x31, 0x34, 0x80, 0xA0, 0x00, 0x00, 0x06, 0x60, 0x00, 0x00, 0x80, 0x00, 0x06, 0x77};
16:02:07.543 -> 
16:02:07.543 -> 
16:02:15.895 -> Timestamp : 000508.259
16:02:15.895 -> Library   : v2.7.11
16:02:15.895 -> 
16:02:15.928 -> Protocol  : PANASONIC_AC
16:02:15.928 -> Code      : 0x0220E004000000060220E00400313280A000000660000080000675 (216 Bits)
16:02:15.928 -> Mesg Desc.: Model: 4 (JKE), Power: On, Mode: 3 (Cool), Temp: 25C, Fan: 7 (Auto), Swing(V): 0 (UNKNOWN), Quiet: Off, Powerful: Off, Clock: 00:00, On Timer: Off, Off Timer: Off
16:02:15.961 -> uint16_t rawData[439] = {3516, 1718,  450, 442,  422, 1300,  424, 442,  424, 468,  398, 442,  422, 444,  420, 442,  424, 422,  448, 466,  398, 470,  396, 470,  396, 414,  452, 440,  424, 1300,  424, 466,  398, 474,  396, 468,  396, 468,  398, 468,  396, 442,  422, 444,  422, 1302,  420, 1302,  420, 1278,  452, 440,  424, 440,  424, 1302,  422, 440,  424, 440,  424, 442,  424, 442,  422, 472,  396, 444,  422, 442,  424, 440,  422, 442,  424, 442,  424, 440,  424, 440,  424, 474,  396, 468,  398, 442,  422, 442,  422, 442,  424, 468,  398, 442,  422, 440,  424, 446,  424, 442,  424, 442,  422, 442,  424, 442,  422, 442,  422, 442,  422, 442,  424, 448,  422, 442,  422, 1326,  398, 1272,  452, 444,  420, 442,  422, 442,  422, 442,  424, 442,  424, 9966,  3482, 1746,  424, 468,  396, 1302,  424, 444,  420, 442,  424, 468,  398, 440,  424, 468,  396, 472,  398, 442,  422, 442,  422, 442,  424, 442,  422, 468,  398, 1300,  424, 444,  422, 446,  424, 442,  422, 442,  424, 466,  398, 468,  396, 468,  398, 1298,  426, 1326,  398, 1306,  422, 468,  398, 472,  392, 1300,  424, 468,  396, 440,  424, 468,  398, 466,  398, 448,  422, 468,  396, 470,  396, 442,  422, 466,  398, 442,  422, 468,  398, 466,  398, 448,  422, 1326,  398, 468,  452, 414,  398, 466,  398, 1300,  422, 1326,  396, 468,  396, 448,  422, 442,  424, 1302,  422, 468,  398, 440,  424, 1300,  422, 1300,  424, 442,  424, 446,  424, 468,  398, 442,  422, 468,  396, 442,  424, 468,  448, 390,  422, 468,  396, 1320,  424, 468,  396, 468,  450, 414,  398, 442,  422, 444,  422, 1300,  424, 468,  398, 1306,  422, 442,  422, 442,  424, 418,  446, 442,  424, 412,  452, 442,  422, 468,  396, 474,  396, 442,  420, 470,  396, 442,  422, 444,  420, 442,  426, 440,  424, 442,  424, 448,  420, 442,  422, 1302,  422, 1302,  398, 492,  396, 470,  372, 468,  396, 468,  398, 472,  398, 468,  396, 492,  372, 492,  372, 494,  396, 442,  398, 1352,  398, 1326,  372, 472,  398, 468,  422, 468,  372, 494,  396, 442,  398, 468,  396, 466,  398, 494,  370, 474,  396, 466,  398, 468,  398, 494,  370, 468,  396, 492,  372, 492,  372, 466,  398, 472,  398, 492,  372, 470,  396, 492,  372, 468,  398, 494,  372, 492,  372, 468,  396, 1332,  398, 492,  372, 498,  368, 494,  370, 468,  398, 466,  398, 492,  372, 468,  398, 498,  372, 494,  370, 1352,  372, 1326,  398, 468,  398, 492,  372, 492,  372, 494,  372, 474,  396, 1352,  370, 494,  372, 1352,  372, 494,  372, 1350,  372, 1326,  398, 1328,  396, 494,  372};  // PANASONIC_AC
16:02:16.193 -> uint8_t state[27] = {0x02, 0x20, 0xE0, 0x04, 0x00, 0x00, 0x00, 0x06, 0x02, 0x20, 0xE0, 0x04, 0x00, 0x31, 0x32, 0x80, 0xA0, 0x00, 0x00, 0x06, 0x60, 0x00, 0x00, 0x80, 0x00, 0x06, 0x75};
16:02:16.193 -> 
16:02:16.193 -> 
16:02:21.429 -> Timestamp : 000513.780
16:02:21.429 -> Library   : v2.7.11
16:02:21.429 -> 
16:02:21.429 -> Protocol  : PANASONIC_AC
16:02:21.429 -> Code      : 0x0220E004000000060220E00400213280A000000660000080000665 (216 Bits)
16:02:21.429 -> Mesg Desc.: Model: 4 (JKE), Power: On, Mode: 2 (Dry), Temp: 25C, Fan: 7 (Auto), Swing(V): 0 (UNKNOWN), Quiet: Off, Powerful: Off, Clock: 00:00, On Timer: Off, Off Timer: Off
16:02:21.495 -> uint16_t rawData[439] = {3506, 1722,  448, 416,  448, 1304,  420, 444,  420, 444,  422, 444,  420, 420,  446, 416,  448, 424,  444, 420,  446, 418,  444, 420,  446, 392,  472, 418,  448, 1302,  424, 386,  474, 426,  446, 416,  448, 442,  422, 418,  446, 418,  446, 420,  446, 1278,  446, 1276,  448, 1282,  446, 390,  476, 418,  446, 1278,  446, 420,  444, 420,  446, 418,  448, 392,  472, 426,  444, 418,  446, 422,  442, 420,  446, 420,  446, 444,  420, 420,  446, 420,  444, 426,  446, 418,  446, 420,  444, 420,  444, 446,  420, 446,  418, 420,  446, 444,  420, 424,  446, 420,  444, 418,  446, 446,  420, 418,  446, 418,  446, 420,  444, 420,  420, 452,  442, 422,  444, 1280,  418, 1304,  420, 446,  418, 446,  416, 420,  446, 444,  420, 448,  444, 9948,  3478, 1774,  392, 420,  446, 1332,  392, 446,  418, 472,  392, 472,  392, 448,  418, 448,  418, 452,  418, 472,  392, 446,  392, 470,  418, 448,  418, 446,  418, 1308,  416, 446,  418, 478,  390, 446,  418, 472,  392, 448,  418, 446,  418, 472,  422, 1276,  418, 1332,  416, 1284,  444, 420,  444, 420,  446, 1248,  476, 422,  442, 448,  418, 446,  418, 446,  420, 422,  448, 444,  420, 444,  420, 420,  446, 420,  444, 444,  420, 444,  420, 418,  446, 424,  446, 1276,  446, 420,  446, 444,  420, 444,  420, 416,  448, 1302,  422, 444,  420, 422,  448, 418,  446, 1278,  446, 444,  422, 444,  422, 1302,  420, 1302,  422, 420,  446, 422,  448, 444,  422, 442,  422, 444,  422, 444,  422, 418,  448, 444,  422, 418,  446, 1320,  422, 444,  420, 442,  422, 444,  420, 444,  422, 444,  420, 1302,  420, 420,  446, 1308,  418, 444,  422, 388,  476, 418,  448, 442,  422, 444,  422, 444,  422, 418,  448, 448,  422, 444,  420, 420,  446, 444,  422, 444,  422, 444,  420, 418,  448, 444,  422, 422,  448, 442,  422, 1302,  422, 1304,  420, 444,  422, 448,  416, 444,  422, 442,  422, 448,  422, 442,  422, 442,  422, 418,  448, 418,  446, 444,  422, 1304,  420, 1302,  422, 422,  448, 442,  422, 444,  420, 444,  422, 442,  422, 444,  424, 442,  420, 444,  422, 448,  422, 444,  420, 444,  420, 418,  446, 444,  422, 444,  420, 444,  420, 416,  448, 450,  420, 444,  422, 418,  446, 446,  420, 444,  420, 444,  418, 446,  420, 446,  420, 1282,  446, 446,  420, 444,  420, 446,  418, 448,  418, 446,  418, 446,  418, 448,  418, 426,  418, 470,  394, 1332,  418, 1278,  420, 448,  416, 474,  390, 446,  394, 474,  390, 476,  418, 1306,  392, 474,  392, 1358,  366, 500,  366, 472,  392, 1332,  392, 1332,  392, 476,  390};  // PANASONIC_AC
16:02:21.694 -> uint8_t state[27] = {0x02, 0x20, 0xE0, 0x04, 0x00, 0x00, 0x00, 0x06, 0x02, 0x20, 0xE0, 0x04, 0x00, 0x21, 0x32, 0x80, 0xA0, 0x00, 0x00, 0x06, 0x60, 0x00, 0x00, 0x80, 0x00, 0x06, 0x65};
16:02:21.744 -> 
16:02:21.744 -> 
16:02:26.368 -> Timestamp : 000518.728
16:02:26.368 -> Library   : v2.7.11
16:02:26.368 -> 
16:02:26.368 -> Protocol  : PANASONIC_AC
16:02:26.368 -> Code      : 0x0220E004000000060220E00400613680A0000006600000800006A9 (216 Bits)
16:02:26.401 -> Mesg Desc.: Model: 4 (JKE), Power: On, Mode: 6 (Fan), Temp: 27C, Fan: 7 (Auto), Swing(V): 0 (UNKNOWN), Quiet: Off, Powerful: Off, Clock: 00:00, On Timer: Off, Off Timer: Off
16:02:26.434 -> uint16_t rawData[439] = {3432, 1796,  444, 396,  396, 1352,  372, 494,  370, 470,  396, 468,  398, 492,  370, 494,  372, 474,  396, 494,  370, 468,  398, 470,  394, 470,  394, 468,  396, 1326,  398, 494,  372, 474,  394, 494,  448, 396,  390, 470,  392, 498,  420, 418,  370, 1354,  368, 1326,  396, 1360,  392, 472,  394, 472,  448, 1276,  392, 472,  472, 418,  394, 446,  444, 420,  418, 450,  420, 444,  448, 418,  446, 418,  446, 444,  420, 420,  420, 470,  420, 418,  446, 424,  472, 392,  448, 418,  420, 446,  446, 420,  444, 420,  472, 418,  422, 418,  446, 424,  446, 418,  418, 448,  444, 444,  420, 420,  444, 420,  446, 420,  446, 418,  420, 450,  420, 444,  446, 1302,  422, 1276,  446, 418,  448, 420,  470, 394,  444, 420,  446, 420,  420, 9970,  3508, 1722,  446, 420,  446, 1278,  470, 420,  418, 420,  444, 420,  444, 420,  418, 472,  420, 450,  420, 420,  446, 420,  444, 420,  418, 418,  422, 474,  444, 1304,  366, 474,  390, 476,  394, 496,  422, 418,  394, 472,  394, 472,  392, 472,  394, 1356,  420, 1278,  392, 1334,  394, 470,  394, 470,  420, 1304,  448, 416,  422, 444,  396, 468,  422, 444,  448, 422,  394, 472,  472, 392,  396, 494,  422, 444,  370, 494,  398, 444,  448, 416,  446, 448,  424, 1274,  396, 496,  370, 470,  450, 438,  396, 444,  420, 1302,  396, 1328,  448, 422,  448, 416,  422, 1302,  422, 1302,  394, 494,  398, 1298,  396, 1354,  422, 416,  474, 396,  450, 414,  424, 444,  420, 468,  396, 468,  422, 418,  448, 416,  424, 440,  424, 1320,  422, 444,  394, 496,  396, 444,  448, 416,  422, 446,  420, 1304,  448, 416,  422, 1308,  422, 466,  370, 470,  396, 496,  396, 442,  422, 468,  396, 446,  420, 444,  448, 420,  422, 444,  448, 416,  424, 442,  420, 442,  422, 468,  396, 444,  422, 442,  422, 448,  396, 470,  420, 1302,  394, 1330,  448, 418,  394, 470,  448, 418,  420, 446,  420, 450,  446, 420,  418, 448,  418, 444,  422, 444,  420, 446,  394, 1330,  394, 1330,  420, 448,  394, 472,  394, 472,  472, 392,  420, 444,  420, 444,  422, 444,  394, 470,  446, 422,  394, 470,  420, 444,  450, 416,  394, 470,  450, 416,  422, 444,  392, 472,  418, 450,  420, 444,  394, 472,  420, 444,  422, 446,  392, 470,  394, 470,  422, 444,  420, 1308,  420, 444,  422, 442,  424, 442,  394, 470,  394, 472,  420, 444,  420, 470,  394, 448,  396, 470,  422, 1326,  396, 1302,  422, 444,  394, 470,  420, 444,  394, 472,  392, 476,  420, 1304,  394, 472,  420, 446,  420, 1302,  448, 418,  392, 1330,  448, 416,  422, 1304,  420};  // PANASONIC_AC
16:02:26.632 -> uint8_t state[27] = {0x02, 0x20, 0xE0, 0x04, 0x00, 0x00, 0x00, 0x06, 0x02, 0x20, 0xE0, 0x04, 0x00, 0x61, 0x36, 0x80, 0xA0, 0x00, 0x00, 0x06, 0x60, 0x00, 0x00, 0x80, 0x00, 0x06, 0xA9};
16:02:26.666 -> 
16:02:26.666 -> 
16:07:30.792 -> Timestamp : 000823.156
16:07:30.792 -> Library   : v2.7.11
16:07:30.825 -> 
16:07:30.825 -> Protocol  : PANASONIC_AC
16:07:30.825 -> Code      : 0x0220E004000000060220E00400603680A0000006600000800006A8 (216 Bits)
16:07:30.825 -> Mesg Desc.: Model: 4 (JKE), Power: Off, Mode: 6 (Fan), Temp: 27C, Fan: 7 (Auto), Swing(V): 0 (UNKNOWN), Quiet: Off, Powerful: Off, Clock: 00:00, On Timer: Off, Off Timer: Off
16:07:30.859 -> uint16_t rawData[439] = {3458, 1744,  424, 442,  424, 1300,  424, 442,  422, 440,  424, 442,  424, 442,  424, 466,  398, 474,  396, 468,  398, 468,  396, 442,  422, 442,  424, 440,  424, 1274,  450, 468,  394, 474,  396, 468,  396, 444,  422, 442,  424, 444,  422, 468,  398, 1326,  396, 1300,  424, 1306,  422, 444,  422, 442,  422, 1326,  396, 470,  396, 446,  420, 468,  396, 276,  588, 448,  422, 444,  420, 444,  420, 468,  396, 468,  396, 444,  422, 442,  422, 470,  394, 448,  422, 444,  422, 444,  420, 470,  396, 468,  396, 470,  394, 468,  396, 470,  396, 448,  422, 442,  424, 468,  396, 468,  398, 442,  422, 444,  420, 444,  422, 444,  422, 448,  420, 470,  394, 1304,  422, 1300,  422, 468,  394, 470,  396, 444,  420, 448,  418, 444,  422, 9970,  3480, 1774,  396, 442,  422, 1328,  396, 444,  422, 444,  420, 448,  418, 444,  420, 470,  394, 448,  422, 444,  420, 470,  394, 442,  424, 468,  396, 446,  418, 1328,  396, 470,  394, 448,  422, 470,  394, 470,  394, 446,  420, 442,  422, 442,  422, 1328,  396, 1304,  420, 1310,  420, 442,  422, 442,  422, 1302,  422, 470,  394, 472,  394, 468,  396, 470,  396, 448,  422, 442,  424, 442,  422, 444,  422, 444,  422, 468,  396, 442,  424, 442,  420, 420,  450, 442,  424, 442,  422, 468,  396, 470,  396, 444,  420, 1300,  424, 1302,  420, 474,  396, 446,  420, 1302,  422, 1328,  396, 444,  422, 1302,  420, 1300,  424, 468,  396, 448,  422, 442,  422, 444,  422, 444,  422, 442,  422, 442,  422, 470,  396, 468,  396, 1320,  422, 444,  422, 442,  422, 468,  396, 444,  420, 444,  422, 1302,  422, 444,  422, 1306,  422, 444,  422, 468,  396, 444,  422, 444,  420, 444,  420, 470,  394, 444,  420, 446,  422, 444,  420, 468,  396, 444,  422, 442,  422, 444,  420, 444,  422, 444,  420, 448,  422, 442,  422, 1328,  394, 1302,  422, 442,  422, 468,  396, 446,  420, 444,  420, 474,  396, 444,  422, 444,  422, 442,  422, 442,  424, 442,  422, 1302,  422, 1302,  422, 446,  424, 468,  396, 444,  422, 444,  422, 442,  422, 442,  424, 442,  422, 444,  422, 446,  424, 444,  420, 444,  420, 444,  420, 444,  422, 468,  396, 442,  422, 468,  396, 422,  450, 444,  422, 442,  422, 444,  422, 442,  422, 444,  422, 442,  422, 444,  422, 1306,  422, 470,  396, 442,  422, 444,  422, 444,  422, 442,  422, 442,  420, 446,  420, 448,  422, 444,  422, 1302,  422, 1300,  422, 444,  422, 444,  420, 442,  422, 444,  420, 448,  422, 442,  422, 444,  422, 442,  422, 1300,  424, 442,  422, 1302,  422, 468,  396, 1330,  396};  // PANASONIC_AC
16:07:31.090 -> uint8_t state[27] = {0x02, 0x20, 0xE0, 0x04, 0x00, 0x00, 0x00, 0x06, 0x02, 0x20, 0xE0, 0x04, 0x00, 0x60, 0x36, 0x80, 0xA0, 0x00, 0x00, 0x06, 0x60, 0x00, 0x00, 0x80, 0x00, 0x06, 0xA8};
16:07:31.090 -> 
16:07:31.090 -> 
16:07:50.578 -> Timestamp : 000842.944
16:07:50.611 -> Library   : v2.7.11
16:07:50.611 -> 
16:07:50.611 -> Protocol  : PANASONIC_AC
16:07:50.611 -> Code      : 0x0220E004000000060220E00400303280A000000660000080000674 (216 Bits)
16:07:50.611 -> Mesg Desc.: Model: 4 (JKE), Power: Off, Mode: 3 (Cool), Temp: 25C, Fan: 7 (Auto), Swing(V): 0 (UNKNOWN), Quiet: Off, Powerful: Off, Clock: 00:00, On Timer: Off, Off Timer: Off
16:07:50.644 -> uint16_t rawData[439] = {3450, 1778,  392, 498,  366, 1332,  392, 474,  392, 472,  392, 472,  392, 498,  366, 498,  368, 502,  366, 498,  366, 474,  392, 472,  392, 472,  394, 474,  392, 1302,  420, 472,  392, 476,  394, 472,  394, 498,  366, 500,  366, 498,  366, 474,  390, 1302,  422, 1332,  392, 1338,  392, 500,  364, 474,  392, 1328,  396, 470,  394, 498,  368, 472,  394, 470,  394, 476,  392, 472,  394, 470,  394, 474,  392, 498,  368, 470,  396, 470,  394, 496,  368, 476,  394, 496,  368, 472,  418, 446,  418, 446,  394, 496,  368, 470,  394, 474,  390, 476,  394, 472,  392, 470,  420, 446,  418, 472,  394, 444,  420, 470,  368, 472,  394, 502,  394, 472,  392, 1304,  420, 1306,  418, 448,  392, 472,  420, 444,  420, 448,  418, 446,  422, 9996,  3454, 1774,  394, 418,  448, 1302,  422, 470,  394, 472,  394, 472,  394, 444,  420, 470,  394, 450,  422, 446,  418, 444,  420, 444,  422, 470,  394, 448,  416, 1304,  420, 444,  420, 450,  422, 444,  422, 468,  396, 470,  394, 470,  394, 446,  418, 1328,  394, 1328,  394, 1334,  396, 468,  396, 444,  422, 1300,  424, 442,  422, 470,  394, 470,  396, 470,  396, 450,  420, 446,  420, 470,  396, 470,  396, 470,  394, 446,  420, 442,  424, 470,  394, 448,  422, 444,  420, 470,  396, 446,  418, 470,  396, 1300,  422, 1326,  396, 444,  420, 448,  422, 468,  396, 1328,  396, 468,  396, 442,  424, 1300,  422, 1300,  424, 442,  422, 448,  422, 468,  396, 468,  400, 438,  422, 442,  422, 468,  396, 468,  398, 416,  448, 1346,  396, 442,  422, 442,  424, 468,  396, 468,  398, 468,  396, 1328,  396, 442,  424, 1306,  422, 444,  422, 444,  422, 468,  396, 468,  398, 442,  422, 468,  396, 468,  396, 446,  424, 466,  398, 468,  398, 442,  424, 442,  424, 442,  422, 444,  420, 468,  398, 446,  422, 468,  396, 1300,  424, 1326,  398, 468,  396, 442,  422, 442,  422, 468,  396, 448,  422, 468,  396, 442,  424, 466,  398, 468,  396, 468,  398, 1300,  424, 1302,  420, 446,  424, 444,  422, 466,  398, 442,  422, 444,  422, 442,  424, 468,  396, 442,  424, 448,  422, 470,  396, 468,  398, 468,  396, 468,  398, 444,  420, 468,  396, 468,  398, 446,  424, 468,  396, 468,  398, 466,  398, 468,  396, 442,  422, 468,  398, 468,  396, 1332,  396, 442,  422, 470,  396, 466,  398, 468,  398, 466,  398, 468,  396, 442,  422, 472,  398, 466,  398, 1300,  424, 1300,  422, 468,  398, 442,  424, 442,  422, 444,  422, 472,  398, 468,  396, 444,  420, 1300,  424, 440,  424, 1300,  424, 1326,  396, 1302,  422, 470,  396};  // PANASONIC_AC
16:07:50.876 -> uint8_t state[27] = {0x02, 0x20, 0xE0, 0x04, 0x00, 0x00, 0x00, 0x06, 0x02, 0x20, 0xE0, 0x04, 0x00, 0x30, 0x32, 0x80, 0xA0, 0x00, 0x00, 0x06, 0x60, 0x00, 0x00, 0x80, 0x00, 0x06, 0x74};
16:07:50.876 -> 
16:07:50.876 -> 

